00000001111111
00000011001110
00000000010000
00000100000110
00000001000111
00000010010111
00000011100110
00000000100111
00000100011110
00000001011111
00000010101110
00000011111110
00000000111111
00000100110101
00000001110110
00000011000101
00000100010100
00000001010101
00000101001011
00000010001100
00000011011011
00000100101010
00000001101011
00000101100000
00000010100001
00000011110000
00000100111110
00000001111111
00000101110100
00000010110101
00000100000011
00000101010010
00000010010010
00000110000111
00000011000111
00000100010101
00000101100011
00000010100011
00000110011000
00000011011000
00000100100101
00000101110011
00000010110011
00000110100111
00000011100110
00000100110100
00000110000001
00000011000000
00000110110100
00000011110011
00000101000000
00000110001101
00000011001100
00000110111111
00000011111110
00000101001010
00000110010111
00000011010101
00000111001000
00000100000110
00000101010010
00000110011110
00000011011100
00000111001111
00000100001101
00000101011000
00000110100100
00000011100001
00000111010011
00000100010001
00000101011100
00000110100111
00000011100100
00000111010110
00000100010010
00000101011101
00000110101000
00000011100100
00000111010110
00000100010010
00000101011101
00000110100111
00000011100011
00000111010100
00000100010000
00000101011010
00000110100100
00000011011111
00000111010000
00000100001100
00000101010101
00000110011111
00000011011010
00000111001010
00000100000110
00000101001111
00000110011000
00000011010011
00000111000011
00000011111110
00000101000111
00000110010000
00000011001010
00000110111010
00000011110101
00000100111101
00000110000110
00000011000000
00000110110000
00000011101010
00000100110011
00000101111011
00000010110101
00000110100100
00000011011111
00000100100111
00000101101111
00000010101001
00000110011000
00000011010010
00000100011010
00000101100010
00000010011100
00000110001011
00000011000101
00000100001101
00000101010101
00000010001111
00000101111110
00000010111000
00000100000000
00000101001000
00000010000010
00000101110001
00000010101011
00000011110011
00000100111011
00000001110101
00000101100100
00000010011110
00000011100110
00000100101110
00000001101000
00000101010111
00000010010001
00000011011001
00000100100010
00000001011100
00000101001011
00000010000101
00000011001101
00000100010110
00000001010000
00000101000000
00000001111010
00000011000011
00000100001011
00000001000110
00000100110101
00000001110000
00000010111001
00000100000001
00000000111100
00000100101100
00000001100111
00000010110000
00000011111001
00000000110100
00000100100100
00000001100000
00000010101001
00000011110010
00000000101110
00000100011110
00000001011010
00000010100011
00000011101101
00000000101001
00000100011001
00000001010101
00000010011111
00000011101001
00000000100101
00000100010110
00000001010010
00000010011101
00000011100111
00000000100100
00000100010101
00000001010010
00000010011100
00000011100111
00000000100100
00000100010101
00000001010010
00000010011101
00000011101000
00000000100101
00000100011000
00000001010101
00000010100000
00000011101011
00000000101001
00000100011011
00000001011001
00000010100100
00000011110000
00000000101110
00000100100001
00000001011110
00000010101010
00000011110110
00000000110100
00000100100111
00000001100110
00000010110010
00000011111110
00000000111100
00000100110000
00000001101110
00000010111010
00000100000111
00000001000101
00000100111001
00000001110111
00000011000100
00000100010001
00000001001111
00000101000011
00000010000010
00000011001111
00000100011100
00000001011010
00000101001110
00000010001101
00000011011010
00000100100111
00000001100110
00000101011010
00000010011001
00000011100110
00000100110011
00000001110010
00000101100110
00000010100101
00000011110010
00000100111111
00000001111110
00000101110010
00000010110001
00000011111110
00000101001011
00000010001010
00000101111110
00000010111101
00000100001010
00000101010111
00000010010110
00000110001001
00000011001000
00000100010101
00000101100010
00000010100001
00000110010100
00000011010011
00000100100000
00000101101100
00000010101011
00000110011110
00000011011101
00000100101001
00000101110110
00000010110100
00000110100111
00000011100101
00000100110010
00000101111110
00000010111100
00000110101111
00000011101101
00000100111001
00000110000101
00000011000010
00000110110101
00000011110010
00000100111110
00000110001010
00000011000111
00000110111001
00000011110110
00000101000010
00000110001101
00000011001010
00000110111100
00000011111001
00000101000011
00000110001110
00000011001011
00000110111100
00000011111001
00000101000011
00000110001101
00000011001010
00000110111011
00000011110111
00000101000001
00000110001011
00000011000110
00000110110111
00000011110011
00000100111100
00000110000110
00000011000001
00000110110001
00000011101100
00000100110101
00000101111110
00000010111001
00000110101001
00000011100100
00000100101101
00000101110101
00000010110000
00000110011111
00000011011001
00000100100001
00000101101010
00000010100100
00000110010011
00000011001100
00000100010100
00000101011100
00000010010110
00000110000100
00000010111110
00000100000101
00000101001101
00000010000110
00000101110100
00000010101101
00000011110100
00000100111011
00000001110100
00000101100010
00000010011011
00000011100010
00000100101000
00000001100001
00000101001110
00000010000111
00000011001101
00000100010100
00000001001100
00000100111010
00000001110010
00000010111000
00000011111110
00000000110110
00000100100011
00000001011011
00000010100010
00000011101000
00000000011111
00000100001100
00000001000100
00000010001010
00000011010000
00000000001000
00000011110101
00000000101100
00000001110010
00000010111000
11111111110000
00000011011100
00000000010100
00000001011010
00000010100000
11111111010111
00000011000100
11111111111100
00000001000001
00000010000111
11111110111111
00000010101100
11111111100011
00000000101001
00000001101111
11111110100111
00000010010100
11111111001011
00000000010001
00000001010111
11111110001111
00000001111100
11111110110100
11111111111010
00000001000000
11111101111000
00000001100101
11111110011110
11111111100100
00000000101010
11111101100011
00000001010000
11111110001000
11111111001111
00000000010101
11111101001110
00000000111100
11111101110100
11111110111011
00000000000010
11111100111011
00000000101001
11111101100010
11111110101001
11111111110000
11111100101001
00000000010111
11111101010001
11111110011000
11111111100000
11111100011001
00000000001000
11111101000010
11111110001001
11111111010001
11111100001011
11111111111010
11111100110100
11111101111100
11111111000101
11111011111111
11111111101110
11111100101001
11111101110010
11111110111010
11111011110101
11111111100101
11111100100000
11111101101001
11111110110010
11111011101101
11111111011101
11111100011000
11111101100010
11111110101011
11111011100111
11111111010111
11111100010011
11111101011101
11111110100111
11111011100011
11111111010100
11111100010000
11111101011010
11111110100100
11111011100001
11111111010010
11111100001110
11111101011001
11111110100100
11111011100000
11111111010010
11111100001111
11111101011010
11111110100101
11111011100010
11111111010100
11111100010001
11111101011100
11111110100111
11111011100100
11111111010111
11111100010100
11111101100000
11111110101011
11111011101001
11111111011011
11111100011001
11111101100101
11111110110000
11111011101110
11111111100001
11111100011111
11111101101011
11111110110111
11111011110101
11111111101000
11111100100110
11111101110010
11111110111110
11111011111100
11111111101111
11111100101101
11111101111001
11111111000101
11111100000011
11111111110111
11111100110101
11111110000001
11111111001101
11111100001011
11111111111111
11111100111101
11111110001001
11111111010101
11111100010011
00000000000111
11111101000101
11111110010001
11111111011101
11111100011011
00000000001110
11111101001100
11111110011000
11111111100101
11111100100010
00000000010101
11111101010011
11111110011111
11111111101011
11111100101001
00000000011100
11111101011010
11111110100101
11111111110001
11111100101111
00000000100001
11111101011111
11111110101011
11111111110110
11111100110100
00000000100110
11111101100011
11111110101111
11111111111010
11111100110111
00000000101001
11111101100110
11111110110001
11111111111100
11111100111001
00000000101011
11111101100111
11111110110010
11111111111101
11111100111001
00000000101011
11111101100111
11111110110010
11111111111100
11111100111000
00000000101001
11111101100101
11111110101111
11111111111001
11111100110101
00000000100110
11111101100001
11111110101011
11111111110101
11111100110000
00000000100001
11111101011100
11111110100101
11111111101111
11111100101010
00000000011010
11111101010101
11111110011110
11111111100111
11111100100001
00000000010001
11111101001100
11111110010100
11111111011101
11111100010111
00000000000111
11111101000001
11111110001001
11111111010010
11111100001100
11111111111011
11111100110101
11111101111101
11111111000101
11111011111110
11111111101101
11111100100111
11111101101111
11111110110110
11111011110000
11111111011110
11111100011000
11111101011111
11111110100111
11111011100000
11111111001110
11111100000111
11111101001111
11111110010110
11111011001111
11111110111101
11111011110110
11111100111101
11111110000100
11111010111101
11111110101011
11111011100100
11111100101011
11111101110010
11111010101011
11111110011001
11111011010001
11111100011000
11111101011111
11111010011000
11111110000110
11111010111111
11111100000101
11111101001100
11111010000101
11111101110011
11111010101100
11111011110011
11111100111001
11111001110010
11111101100000
11111010011001
11111011100000
11111100100111
11111001100000
11111101001110
11111010000111
11111011001110
11111100010101
11111001001110
11111100111100
11111001110101
11111010111101
11111100000100
11111000111101
11111100101011
11111001100101
11111010101100
11111011110100
11111000101101
11111100011100
11111001010101
11111010011101
11111011100101
11111000011111
11111100001110
11111001001000
11111010010000
11111011011000
11111000010010
11111100000001
11111000111011
11111010000100
11111011001100
11111000000111
11111011110110
11111000110001
11111001111001
11111011000010
11110111111101
11111011101101
11111000101000
11111001110001
11111010111011
11110111110110
11111011100110
11111000100010
11111001101011
11111010110101
11110111110001
11111011100001
11111000011101
11111001100111
11111010110001
11110111101110
11111011011111
11111000011011
11111001100110
11111010110000
11110111101101
11111011011111
11111000011011
11111001100110
11111010110001
11110111101110
11111011100001
11111000011110
11111001101001
11111010110101
11110111110010
11111011100101
11111000100011
11111001101110
11111010111010
11110111111000
11111011101011
11111000101001
11111001110110
11111011000010
11111000000000
11111011110100
11111000110010
11111001111111
11111011001100
11111000001011
11111011111111
11111000111101
11111010001011
11111011011000
11111000010111
11111100001011
11111001001010
11111010011000
11111011100101
11111000100101
11111100011001
11111001011001
11111010100111
11111011110100
11111000110100
11111100101001
11111001101001
11111010110111
11111100000101
11111001000101
11111100111010
11111001111010
11111011001000
11111100010111
11111001010111
11111101001100
11111010001101
11111011011011
11111100101001
11111001101010
11111101011111
11111010100000
11111011101110
11111100111101
11111001111101
11111101110011
11111010110011
11111100000010
11111101010001
11111010010001
11111110000111
11111011000111
11111100010110
11111101100101
11111010100101
11111110011011
11111011011011
11111100101010
11111101111001
11111010111001
11111110101111
11111011101111
11111100111110
11111110001100
11111011001101
11111111000010
11111100000011
11111101010001
11111110100000
11111011100000
11111111010101
11111100010101
11111101100100
11111110110010
11111011110010
11111111100111
11111100100111
11111101110101
11111111000011
11111100000011
11111111111000
11111100111000
11111110000110
11111111010011
11111100010011
00000000001000
11111101000111
11111110010101
11111111100010
11111100100010
00000000010110
11111101010101
11111110100010
11111111110000
11111100101111
00000000100011
11111101100010
11111110101110
11111111111011
11111100111010
00000000101110
11111101101100
11111110111001
00000000000101
11111101000100
00000000110111
11111101110101
11111111000001
00000000001101
11111101001011
00000000111110
11111101111100
11111111001000
00000000010100
11111101010001
00000001000100
11111110000010
11111111001101
00000000011000
11111101010110
00000001001000
11111110000101
11111111010000
00000000011011
11111101011000
00000001001010
11111110000111
11111111010010
00000000011100
11111101011001
00000001001010
11111110000111
11111111010001
00000000011100
11111101011000
00000001001001
11111110000101
11111111001111
00000000011010
11111101010110
00000001000110
11111110000010
11111111001100
00000000010110
11111101010010
00000001000011
11111101111110
11111111001000
00000000010001
11111101001101
00000000111101
11111101111001
11111111000010
00000000001100
11111101000111
00000000110111
11111101110011
11111110111100
00000000000101
11111101000000
00000000110001
11111101101100
11111110110101
11111111111110
11111100111001
00000000101001
11111101100101
11111110101110
11111111110111
11111100110010
00000000100010
11111101011101
11111110100110
11111111101111
11111100101010
00000000011011
11111101010110
11111110011111
11111111101000
11111100100011
00000000010011
11111101001110
11111110011000
11111111100001
11111100011100
00000000001101
11111101001000
11111110010001
11111111011011
11111100010110
00000000000110
11111101000010
11111110001011
11111111010101
11111100010001
00000000000001
11111100111101
11111110000111
11111111010001
11111100001100
11111111111101
11111100111001
11111110000011
11111111001101
11111100001010
11111111111011
11111100110111
11111110000001
11111111001100
11111100001000
11111111111010
11111100110110
11111110000001
11111111001100
11111100001000
11111111111010
11111100110111
11111110000010
11111111001101
11111100001010
11111111111100
11111100111010
11111110000101
11111111010001
11111100001110
00000000000001
11111100111110
11111110001010
11111111010110
11111100010100
00000000000111
11111101000101
11111110010001
11111111011101
11111100011011
00000000001111
11111101001101
11111110011010
11111111100110
11111100100101
00000000011001
11111101011000
11111110100101
11111111110010
11111100110001
00000000100101
11111101100100
11111110110010
11111111111111
11111100111110
00000000110011
11111101110010
11111111000000
00000000001110
11111101001110
00000001000011
11111110000011
11111111010001
00000000011111
11111101011111
00000001010100
11111110010100
11111111100011
00000000110001
11111101110010
00000001100111
11111110101000
11111111110110
00000001000101
11111110000110
00000001111011
11111110111100
00000000001011
00000001011010
11111110011011
00000010010001
11111111010010
00000000100001
00000001110000
11111110110001
00000010100111
11111111101001
00000000111000
00000010000111
11111111001000
00000010111111
00000000000000
00000001001111
00000010011111
11111111100000
00000011010110
00000000011000
00000001100111
00000010110110
11111111111000
00000011101110
00000000110000
00000001111111
00000011001110
00000000010000
00000100000110
00000001000111
00000010010111
00000011100110
00000000100111
00000100011110
00000001011111
00000010101110
00000011111110
00000000111111
00000100110101
00000001110110
00000011000101
00000100010100
00000001010101
00000101001011
00000010001100
00000011011011
00000100101010
00000001101011
00000101100000
;