00000000000000
00010011110011
11100011100110
00100001011100
11110001001110
00000101000001
00011000110100
11101000100101
00100110011010
11110110001100
00001001111110
00011101101111
11101101011111
00101011010011
11111011000010
00001110110010
00100010100010
11110010010000
00110000000001
11111111101101
00010011011011
00100111000111
11110110110010
00110100100000
00000100001010
00010111110011
00101011011101
11111011000100
00111000101110
00001000010011
00011011111001
00101111011110
11111111000000
00111100100110
00001100000111
00011111101000
00110011001000
00000010100110
01000000000110
00001111100010
00100010111101
00110110011000
00000101110000
01000011001011
00010010100001
00100101110111
00111001001100
00001000011111
01000101110011
00010101000011
00101000010011
00111011100010
00001010101110
01000111111101
00010111000111
00101010010000
00111101011000
00001100011110
01001001100110
00011000101001
00101011101101
00111110101110
00001101101101
01001010101111
00011001101011
00101100101000
00111111100011
00001110011100
01001011010111
00011010001100
00101101000010
00111111110111
00001110101001
01001011011101
00011010001101
00101100111100
00111111101010
00001110010110
01001011000100
00011001101101
00101100010110
00111110111110
00001101100100
01001010001100
00011000101111
00101011010010
00111101110100
00001100010100
01001000110111
00010111010100
00101001110010
00111100001111
00001010101001
01000111000111
00010101011111
00100111111000
00111010010000
00001000100101
01000100111110
00010011010010
00100101100110
00110111111010
00000110001100
01000010100000
00010000110000
00100011000001
00110101010001
00000011011111
00111111110000
00001101111101
00100000001010
00110010010111
00000000100011
00111100110001
00001010111100
00011101000111
00101111010010
11111101011011
00111001100111
00000111110000
00011001111010
00101100000011
11111010001011
00110110010111
00000100011111
00010110100111
00101000110000
11110110111000
00110011000011
00000001001011
00010011010100
00100101011101
11110011100101
00101111110000
11111101111001
00010000000010
00100010001100
11110000010110
00101100100011
11111010101100
00001100111000
00011111000011
11101101001110
00101001011110
11110111101010
00001001110111
00011100000110
11101010010011
00100110100101
11110100110100
00000111000101
00011001010110
11100111100111
00100011111101
11110010001111
00000100100100
00010110111001
11100101001110
00100001101000
11101111111110
00000010010111
00010100110001
11100011001010
00011111101000
11101110000100
00000000100010
00010011000000
11100001011111
00011110000010
11101100100011
11111111000110
00010001101010
11100000001110
00011100110110
11101011011101
11111110000101
00010000101111
11011111011000
00011100000111
11101010110011
11111101100001
00010000010001
11011111000001
00011011110101
11101010100111
11111101011100
00010000010001
11011111000111
00011100000010
11101010111010
11111101110100
00010000110000
11011111101100
00011100101100
11101011101011
11111110101011
00010001101101
11100000101111
00011101110101
11101100111010
00000000000000
00010011001000
11100010001111
00011111011100
11101110100101
00000001110010
00010100111111
11100100001100
00100001011110
11110000101101
00000011111110
00010111010001
11100110100011
00100011111010
11110011001110
00000110100100
00011001111100
11101001010011
00100110101110
11110110000111
00001001100001
00011100111101
11101100011000
00101001111000
11111001010100
00001100110011
00100000010010
11101111110000
00101101010011
11111100110011
00010000010101
00100011110111
11110011011000
00110000111110
00000000100000
00010100000100
00100111101001
11110111001100
00110100110100
00000100011000
00010111111110
00101011100100
11111011001001
00111000110010
00001000010111
00011011111101
00101111100100
11111111001010
00111100110011
00001100011000
00011111111111
00110011100110
00000011001011
01000000110100
00010000011001
00100011111111
00110111100100
00000111001000
01000100110000
00010100010100
00100111111000
00111011011100
00001010111110
01001000100100
00011000000101
00101011100111
00111111001001
00001110101001
01001100001100
00011011101010
00101111001001
01000010100111
00010010000100
01001111100011
00011110111110
00110010011001
01000101110011
00010101001100
01010010100111
00100001111101
00110101010100
01001000101010
00010111111101
01010101010100
00100100100101
00110111110111
01001011001000
00011010010110
01010111100111
00100110110011
00111001111111
01001101001010
00011100010011
01011001011110
00101000100100
00111011101010
01001110101111
00011101110001
01011010110110
00101001110110
00111100110110
01001111110100
00011110110000
01011011101110
00101010101000
00111101100001
01010000011001
00011111001110
01011100000101
00101010111000
00111101101010
01010000011011
00011111001010
01011011111010
00101010100110
00111101010010
01001111111100
00011110100011
01011011001101
00101001110010
00111100010111
01001110111010
00011101011011
01011001111110
00101000011101
00111010111011
01001101011000
00011011110010
01011000001110
00100110100110
00111000111110
01001011010100
00011001101001
01010101111111
00100100010001
00110110100010
01001000110011
00010111000001
01010011010010
00100001011110
00110011101010
01000101110101
00010011111101
01010000001001
00011110001111
00110000010110
01000010011100
00010000100000
01001100100111
00011010101001
00101100101011
00111110101101
00001100101100
01001000101111
00010110101101
00101000101100
00111010101001
00001000100110
01000100100101
00010010011111
00100100011011
00110110010110
00000100001111
01000000001011
00001110000011
00011111111101
00110001110101
11111111101100
00111011100111
00001001011101
00011011010101
00101101001100
11111011000010
00110110111011
00000100110001
00010110100111
00101000011110
11110110010011
00110010001101
00000000000010
00010001111001
00100011110000
11110001100101
00101101011111
11111011010101
00001101001101
00011111000100
11101100111011
00101000110110
11110110101110
00001000100111
00011010100001
11101000011010
00100100010111
11110010010001
00000100001100
00010110001001
11100100000100
00100000000100
11101110000001
00000000000000
00010010000000
11011111111111
00011100000010
11101010000011
11111100000101
00001110001001
11011100001100
00011000010100
11100110011001
11111000100000
00001010101000
11011000101111
00010100111100
11100011000110
11110101010010
00000111011111
11010101101100
00010001111101
11100000001101
11110010011110
00000100110001
11010011000011
00001111011010
11011101101111
11110000000111
00000010011111
11010000110111
00001101010101
11011011110000
11101110001101
00000000101011
11001111001010
00001011101101
11011010001110
11101100110010
11111111010111
11001101111100
00001010100101
11011001001101
11101011110111
11111110100010
11001101001101
00001001111101
11011000101011
11101011011011
11111110001100
11001100111101
00001001110100
11011000100111
11101011011110
11111110010101
11001101001101
00001010001001
11011001000011
11101011111111
11111110111100
11001101111001
00001010111011
11011001111011
11101100111101
00000000000000
11001111000010
00001100001010
11011011001110
11101110010101
00000001011101
11010000100101
00001101110001
11011100111011
11110000000110
00000011010011
11010010011111
00001111110000
11011110111101
11110010001101
00000101011110
11010100101110
00010010000010
11100001010011
11110100100110
00000111111010
11010111001101
00010100100101
11100011111001
11110111001111
00001010100110
11011001111011
00010111010101
11100110101011
11111010000011
00001101011100
11011100110011
00011010001111
11101001100110
11111101000000
00010000011001
11011111110010
00011101001110
11101100100110
00000000000000
00010011011010
11100010110010
00100000001110
11101111100111
00000011000000
00010110011010
11100101110001
00100011001101
11110010100100
00000101111101
00011001010101
11101000101011
00100110000101
11110101011010
00001000110001
00011100000111
11101011011011
00101000110011
11111000000110
00001011011010
00011110101101
11101101111110
00101011010010
11111010100010
00001101110011
00100001000011
11110000010000
00101101100001
11111100101101
00001111111010
00100011000101
11110010001111
00101111011011
11111110100011
00010001101011
00100100110010
11110011110110
00110000111110
00000000000000
00010011000011
00100110000101
11110101000101
00110010000111
00000001000100
00010100000001
00100110111101
11110101110111
00110010110011
00000001101011
00010100100010
00100111011001
11110110001100
00110011000011
00000001110100
00010100100101
00100111010101
11110110000011
00110010110011
00000001011110
00010100001001
00100110110011
11110101011011
00110010000100
00000000101001
00010011001110
00100101110010
11110100010011
00110000110110
11111111010101
00010001110011
00100100010000
11110010101011
00101111001001
11111101100001
00001111111001
00100010010001
11110000100110
00101100111101
11111011001111
00001101100010
00011111110011
11101110000011
00101010010100
11111000100001
00001010101110
00011100111010
11101011000100
00100111010001
11110101011000
00000111100000
00011001100111
11100111101100
00100011110100
11110001110111
00000011111011
00010101111101
11100011111110
00100000000001
11101110000000
00000000000000
00010001111111
11011111111100
00011011111100
11101001110111
11111011110100
00001101101111
11011011101001
00010111100110
11100101011111
11110111011001
00001001010010
11010111001010
00010011000101
11100000111100
11110010110011
00000100101011
11010010100001
00001110011011
11011100010000
11101110000111
11111111111110
11001101110011
00001001101101
11010111100010
11101001011001
11111011001111
11001001000101
00000100111110
11010010110100
11100100101011
11110110100011
11000100011001
00000000010100
11001110001011
11100000000011
11110001111101
10111111110101
11111011110001
11001001101010
11011011100101
11101101100001
10111011011011
11110111011010
11000101010111
11010111010100
11101001010011
10110111010001
11110011010100
11000001010011
11010011010101
11100101010111
10110011011001
11101111100000
10111101100100
11001111101010
11100001110001
10101111110111
11101100000011
10111010001011
11001100010110
11011110100010
10101100101110
11101000111111
10110111001101
11001001011110
11011011101111
10101010000001
11100110010111
10110100101100
11000111000010
11011001011010
10100111110010
11100100001110
10110010101000
11000101000101
11010111100011
10100110000010
11100010100101
10110001000110
11000011101001
11010110001110
10100100110011
11100001011101
10110000000100
11000010101110
11010101011010
10100100000110
11100000110110
10101111100101
11000010010110
11010101001000
10100011111011
11100000110010
10101111100111
11000010011111
11010101011000
10100100010010
11100001010000
10110000001100
11000011001010
11010110001010
10100101001010
11100010001111
10110001010001
11000100010110
11010111011100
10100110100010
11100011101101
10110010110110
11000110000001
11011001001101
10101000011001
11100101101010
10110100111000
11001000001001
11011011011011
10101010101100
11101000000011
10110111010110
11001010101100
11011110000011
10101101011001
11101010110100
10111010001101
11001101100111
11100001000010
10110000011101
11101101111100
10111101011001
11010000110111
11100100010110
10110011110100
11110001010111
11000000110111
11010100011001
11100111111011
10110111011100
11110101000010
11000100100100
11011000001000
11101011101100
10111011010000
11111000111000
11001000011100
11011100000001
11101111100111
10111111001100
11111100110101
11001100011010
11100000000001
11110011101000
11000011001101
00000000110110
11010000011100
11100100000011
11110111101001
11000111001110
00000100110111
11010100011100
11101000000010
11111011101000
11001011001100
00001000110100
11011000010111
11101011111100
11111111100000
11001111000010
00001100101000
11011100001001
11101111101011
00000011001101
11010010101101
00010000010000
11011111101110
11110011001101
00000110101100
11010110001000
00010011101000
11100011000011
11110110011111
00001001111001
11011001010010
00010110101101
11100110000100
11111001011100
00001100110010
11011100000110
00011001011101
11101000101111
11111100000010
00001111010011
11011110100010
00011011110100
11101011000001
11111110001110
00010001011011
11100000100100
00011101110001
11101100111000
00000000000000
00010011000110
11100010001011
00011111010001
11101110010011
00000001010101
00010100010101
11100011010100
00100000010100
11101111010000
00000010001100
00010101000110
11100011111110
00100000111001
11101111101111
00000010100100
00010101011001
11100100001011
00100000111111
11101111101111
00000010011111
00010101001101
11100011111001
00100000101000
11101111010001
00000001111011
00010100100011
11100011001010
00011111110010
11101110010110
00000000111010
00010011011101
11100001111110
00011110100001
11101101000000
11111111011110
00010001111100
11100000011000
00011100110110
11101011001111
11111101101001
00010000000010
11011110011000
00011010110010
11101001000111
11111011011100
00001101110001
11011100000011
00011000011001
11100110101010
11111000111011
00001011001100
11011001011011
00010101101101
11100011111010
11110110001001
00001000010110
11010110100010
00010010110010
11100000111101
11110011001000
00000101010100
11010011011101
00001111101010
11011101110100
11101111111110
00000010000111
11010000010000
00001100011011
11011010100011
11101100101100
11111110110101
11001100111101
00001001001000
11010111010000
11101001011001
11111011100001
11001001101001
00000101110101
11010011111101
11100110000110
11111000010000
11000110011001
00000010100101
11010000101110
11100010111001
11110101000100
11000011001111
11111111011101
11001101101001
11011111110110
11110010000011
11000000010000
11111100100001
11001010101111
11011100111111
11101111010000
10111101100000
11111001110100
11001000000110
11011010011010
11101100101110
10111011000010
11110111011011
11000101110000
11011000001000
11101010100001
10111000111001
11110101010111
11000011110001
11010110001110
11101000101100
10110111001001
11110011101100
11000010001100
11010100101110
11100111010001
10110101110100
11110010011100
11000001000010
11010011101010
11100110010011
10110100111100
11110001101010
11000000010110
11010011000100
11100101110011
10110100100011
11110001010111
11000000001001
11010010111110
11100101110100
10110100101001
11110001100100
11000000011101
11010011011000
11100110010101
10110101010001
11110010010011
11000001010010
11010100010011
11100111010111
10110110011010
11110011100010
11000010101000
11010101110000
11101000111001
10111000000011
11110101010010
11000100011110
11010111101101
11101010111101
10111010001101
11110111100001
11000110110100
11011010001001
11101101011111
10111100110101
11111010010000
11001001101000
11011101000011
11110000011110
10111111111010
11111101011010
11001100111000
11100000011000
11110011111001
11000011011010
00000001000000
11010000100010
11100100000111
11110111101101
11000111010010
00000100111100
11010100100011
11101000001101
11111011110110
11001011100000
00001001001110
11011000111001
11101100100101
00000000010011
11001111111111
00001101110000
11011101011110
11110001001110
00000100111110
11010100101101
00010010100001
11100010010001
11110110000010
00001001110100
11011001100110
00010111011011
11100111001100
11111010111111
00001110110010
11011110100100
00011100011010
11101100001101
00000000000000
00010011110011
11100011100110
00100001011100
11110001001110
00000101000001
00011000110100
11101000100101
00100110011010
11110110001100
00001001111110
00011101101111
11101101011111
00101011010011
11111011000010
00001110110010
00100010100010
11110010010000
00110000000001
11111111101101
00010011011011
00100111000111
11110110110010
00110100100000
;